0.1 1.64e-20
0.2 -1.28833e-19
0.3 -2.26383e-20
0.4 1.94071e-20
0.5 5.19672e-21
0.6 -3.00321e-20
0.7 1.84303e-19
0.8 1.52996e-19
0.9 5.79953e-20
1 2.52957e-19
0.1 0.002
0.2 0.001
0.3 1.14621e-17
0.4 -0.001
0.5 -0.002
0.6 -0.001
0.7 1.21731e-17
0.8 0.001
0.9 0.002
1 0.003
1.1 0.004
1.2 0.005
1.3 0.004
1.4 0.003
1.5 0.002
1.6 0.001
1.7 7.96703e-17
1.8 -0.001
1.9 -0.002
2 -0.003
2.1 -0.004
2.2 -0.005
2.3 -0.004
2.4 -0.003
2.5 -0.002
2.6 -0.001
2.7 -3.37375e-17
2.8 0.001
2.9 0.002
3 0.003
3.1 0.004
3.2 0.005
3.3 0.006
3.4 0.007
3.5 0.006
3.6 0.005
3.7 0.004
3.8 0.003
3.9 0.002
4 0.001
4.1 1.88118e-16
4.2 -0.001
4.3 -0.002
4.4 -0.003
4.5 -0.004
4.6 -0.005
4.7 -0.006
4.8 -0.007
4.9 -0.006
5 -0.005
5.1 -0.004
5.2 -0.003
5.3 -0.002
5.4 -0.001
5.5 -1.44368e-16
5.6 0.001
5.7 0.002
5.8 0.003
5.9 0.004
6 0.005
6.1 0.006
6.2 0.007
6.3 0.008
6.4 0.009
6.5 0.008
6.6 0.007
6.7 0.006
6.8 0.005
6.9 0.004
7 0.003
7.1 0.002
7.2 0.001
7.3 3.54778e-16
7.4 -0.001
7.5 -0.002
7.6 -0.003
7.7 -0.004
7.8 -0.005
7.9 -0.006
8 -0.007
8.1 -0.008
8.2 -0.009
8.3 -0.008
8.4 -0.007
8.5 -0.006
8.6 -0.005
8.7 -0.004
8.8 -0.003
8.9 -0.002
9 -0.001
9.1 -3.454e-16
9.2 0.001
9.3 0.002
9.4 0.003
9.5 0.004
9.6 0.005
9.7 0.006
9.8 0.007
9.9 0.008
10 0.009
10.1 0.01
10.2 0.009
10.3 0.008
10.4 0.007
10.5 0.006
10.6 0.005
10.7 0.004
10.8 0.003
10.9 0.002
11 0.001
11.1 5.46916e-16
11.2 -0.001
11.3 -0.002
11.4 -0.003
11.5 -0.004
11.6 -0.005
11.7 -0.006
11.8 -0.007
11.9 -0.008
12 -0.009
12.1 -0.01
12.2 -0.009
12.3 -0.008
12.4 -0.007
12.5 -0.006
12.6 -0.005
12.7 -0.004
12.8 -0.003
12.9 -0.002
13 -0.001
13.1 -5.23169e-16
13.2 0.001
13.3 0.002
13.4 0.003
13.5 0.004
13.6 0.005
13.7 0.006
13.8 0.007
13.9 0.008
14 0.009
14.1 0.01
14.2 0.011
14.3 0.012
14.4 0.011
14.5 0.01
14.6 0.009
14.7 0.008
14.8 0.007
14.9 0.006
15 0.005
15.1 0.004
15.2 0.003
15.3 0.002
15.4 0.001
15.5 7.13945e-16
15.6 -0.001
15.7 -0.002
15.8 -0.003
15.9 -0.004
16 -0.005
16.1 -0.006
16.2 -0.007
16.3 -0.008
16.4 -0.009
16.5 -0.01
16.6 -0.011
16.7 -0.012
16.8 -0.011
16.9 -0.01
17 -0.009
17.1 -0.008
17.2 -0.007
17.3 -0.006
17.4 -0.005
17.5 -0.004
17.6 -0.003
17.7 -0.002
17.8 -0.001
17.9 -4.34275e-16
18 0.001
18.1 0.002
18.2 0.003
18.3 0.004
18.4 0.005
18.5 0.006
18.6 0.007
18.7 0.008
18.8 0.009
18.9 0.01
19 0.011
19.1 0.012
19.2 0.013
19.3 0.014
19.4 0.015
19.5 0.014
19.6 0.013
19.7 0.012
19.8 0.011
19.9 0.01
20 0.009
20.1 0.008
20.2 0.007
20.3 0.006
20.4 0.005
20.5 0.004
20.6 0.003
20.7 0.002
20.8 0.001
20.9 9.53016e-17
21 -0.001
21.1 -0.002
21.2 -0.003
21.3 -0.004
21.4 -0.005
21.5 -0.006
21.6 -0.007
21.7 -0.008
21.8 -0.009
21.9 -0.01
22 -0.011
22.1 -0.012
22.2 -0.013
22.3 -0.014
22.4 -0.015
22.5 -0.014
22.6 -0.013
22.7 -0.012
22.8 -0.011
22.9 -0.01
23 -0.009
23.1 -0.008
23.2 -0.007
23.3 -0.006
23.4 -0.005
23.5 -0.004
23.6 -0.003
23.7 -0.002
23.8 -0.001
23.9 3.52999e-16
24 0.001
24.1 0.002
24.2 0.003
24.3 0.004
24.4 0.005
24.5 0.006
24.6 0.007
24.7 0.008
24.8 0.009
24.9 0.01
25 0.011
25.1 0.012
25.2 0.013
25.3 0.014
25.4 0.015
25.5 0.016
25.6 0.017
25.7 0.016
25.8 0.015
25.9 0.014
26 0.013
26.1 0.012
26.2 0.011
26.3 0.01
26.4 0.009
26.5 0.008
26.6 0.007
26.7 0.006
26.8 0.005
26.9 0.004
27 0.003
27.1 0.002
27.2 0.001
27.3 -7.74289e-16
27.4 -0.001
27.5 -0.002
27.6 -0.003
27.7 -0.004
27.8 -0.005
27.9 -0.006
28 -0.007
28.1 -0.008
28.2 -0.009
28.3 -0.01
28.4 -0.011
28.5 -0.012
28.6 -0.013
28.7 -0.014
28.8 -0.015
28.9 -0.016
