
119050 5.76995e-29 3817.48 -2149.99 -5.76995e-29 3817.48 0 0 0 0 -116900 0 0 0 0 0 
0 380239 1.03942e-12 0 -379920 -1.03942e-12 -970.2 0 -970.2 0 0 -319.272 0 0 0 0 
3817.48 1.03942e-12 72940.6 -3817.48 -1.03942e-12 4453.72 -64033.2 0 0 0 0 0 0 0 0 0 
-2149.99 -5.76995e-29 -3817.48 121169 1.15399e-28 0 0 0 0 0 0 0 0 -116900 0 0 
0 -379920 -1.03942e-12 0 760166 2.07885e-12 0 -970.2 0 -970.2 0 0 0 0 -326.279 0 
3817.48 -1.03942e-12 4453.72 0 2.07885e-12 81848.1 0 -64033.2 0 0 0 0 0 0 0 0 
0 -970.2 -64033.2 0 0 0 67914 0 1940.4 0 0 970.2 0 0 0 0 
0 0 0 0 -970.2 -64033.2 0 67914 0 1940.4 0 0 0 0 970.2 0 
0 -970.2 0 0 0 0 1940.4 0 67914 0 0 970.2 -64033.2 0 0 0 
0 0 0 0 -970.2 0 0 1940.4 0 67914 0 0 0 0 970.2 -64033.2 
-116900 0 0 0 0 0 0 0 0 0 119050 5.76995e-29 3817.48 -2149.99 -5.76995e-29 3817.48 
0 -319.272 0 0 0 0 970.2 0 970.2 0 0 380239 1.03942e-12 0 -379920 -1.03942e-12 
0 0 0 0 0 0 0 0 -64033.2 0 3817.48 1.03942e-12 72940.6 -3817.48 -1.03942e-12 4453.72 
0 0 0 -116900 0 0 0 0 0 0 -2149.99 -5.76995e-29 -3817.48 121169 1.15399e-28 0 
0 0 0 0 -326.279 0 0 970.2 0 970.2 0 -379920 -1.03942e-12 0 760166 2.07885e-12 
0 0 0 0 0 0 0 0 0 -64033.2 3817.48 -1.03942e-12 4453.72 0 2.07885e-12 81848.1 

