
4.81361e+06 1.51188e-28 10002.8 -5633.37 -1.51188e-28 10002.8 0 0 0 0 -306309 0 0 0 0 0 
0 996328 2.72356e-12 0 -995491 -2.72356e-12 -2542.18 0 -2542.18 0 0 -836.578 0 0 0 0 
10002.8 2.72356e-12 87373.1 -10002.8 -2.72356e-12 11669.9 -64033.2 0 0 0 0 0 0 0 0 0 
-5633.37 -1.51188e-28 -10002.8 4.81916e+06 3.02376e-28 0 0 0 0 0 0 0 0 -306309 0 0 
0 -995491 -2.72356e-12 0 1.99184e+06 5.44713e-12 0 -2542.18 0 -2542.18 0 0 0 0 -854.938 0 
10002.8 -2.72356e-12 11669.9 0 5.44713e-12 110713 0 -64033.2 0 0 0 0 0 0 0 0 
0 -2542.18 -64033.2 0 0 0 74201.9 0 5084.36 0 0 2542.18 0 0 0 0 
0 0 0 0 -2542.18 -64033.2 0 74201.9 0 5084.36 0 0 0 0 2542.18 0 
0 -2542.18 0 0 0 0 5084.36 0 74201.9 0 0 2542.18 -64033.2 0 0 0 
0 0 0 0 -2542.18 0 0 5084.36 0 74201.9 0 0 0 0 2542.18 -64033.2 
-306309 0 0 0 0 0 0 0 0 0 4.81361e+06 1.51188e-28 10002.8 -5633.7 -1.51188e-28 10002.8 
0 -836.578 0 0 0 0 2542.18 0 2542.18 0 0 996328 2.72356e-12 0 -995491 -2.72356e-12 
0 0 0 0 0 0 0 0 -64033.2 0 10002.8 2.72356e-12 87373.1 -10002.8 -2.72356e-12 11669.9 
0 0 0 -306309 0 0 0 0 0 0 -5633.7 -1.51188e-28 -10002.8 4.81916e+06 3.02376e-28 0 
0 0 0 0 -854.938 0 0 2542.18 0 2542.18 0 -995491 -2.72356e-12 0 1.99184e+06 5.44713e-12 
0 0 0 0 0 0 0 0 0 -64033.2 10002.8 -2.72356e-12 11669.9 0 5.44713e-12 110713 

