0.1 -2.09572 -3.48868 -4.85834e-13 3.48868 2.09572
0.2 -4.23147 -7.05771 2.50999e-12 7.05771 4.23147
0.3 -6.40679 -10.7071 -1.32339e-13 10.7071 6.40679
0.4 -8.62178 -14.4367 3.09086e-13 14.4367 8.62178
0.5 -10.8765 -18.2464 -3.06599e-12 18.2464 10.8765
0.6 -13.1705 -22.1367 -1.77103e-12 22.1367 13.1705
0.7 -15.5038 -26.1072 -2.82796e-12 26.1072 15.5038
0.8 -17.8767 -30.154 2.22755e-12 30.154 17.8767
0.9 -20.288 -34.2837 -2.83507e-12 34.2837 20.288
1 -22.7325 -38.4837 3.55271e-14 38.4837 22.7325
0.1 -7574.02 -14123 -38346.6 -34436.8 -13574.6
0.2 -3977.53 -5532.01 -21906.8 -19191.8 -7085.83
0.3 46.0249 77.6651 328.811 235.827 489.367
0.4 6478.76 7473.75 35996.5 8476.29 9432.37
0.5 9308.06 5872.08 34489.4 22616.7 30179
0.6 4936.81 4041.76 21303.3 15124.9 11008.8
0.7 -1036.27 -1133.54 -1991.18 10341.8 -5003.84
0.8 -6975.96 -9827.05 -32163.6 11609.1 -16417.4
0.9 -9743.67 -22940.5 -50898.8 13921.6 -25947.4
1 -17756.2 -36600.8 -58683.4 23100.4 -31014.6
1.1 -17987.1 -42433.7 -57631.7 21470.5 -39722.7
1.2 -16365.7 -47279.3 -47045.9 15425.1 -50622.4
1.3 -11343.3 -35069.4 -40942 13881.6 -43267.8
1.4 -6412.08 -23001.4 -34977.8 12299.5 -35978.8
1.5 -1756.3 -11035.1 -29172.2 10784.2 -28533.7
1.6 -960.962 4893.19 -22472.6 9535.97 -17430.2
1.7 -1829.33 20210.5 -9796.85 5868.09 -6180.18
1.8 3927.6 24557.1 4665.56 13677 10608.5
1.9 9017.84 25979 11311.4 23585.4 30601.6
2 11911 28254.9 12639.3 35700.9 34698
2.1 20638.7 43378.3 -1836.89 39084.3 33248.7
2.2 30532.4 60649.4 -7195.89 29466.2 30426.8
2.3 25404.9 51320.9 -7191.6 23783.2 23841.7
2.4 20293.4 42002.2 -7005.71 18160.8 17328.1
2.5 15006.3 32206.1 -5892.65 12452.4 10869.2
2.6 8336.5 21927.5 -5722.49 6845.34 3716.04
2.7 764.672 12912.6 -7313.67 -5836.39 -5062.27
2.8 -2010.71 -2912.69 -20244.4 -151.046 -18429.9
2.9 -7150.69 -14065.3 -30434.8 4902.7 -25754
3 -10593.6 -24367 -36076.3 6530.76 -32913.9
3.1 -12330.6 -32781.8 -41770.1 5989.26 -39212.1
3.2 -11861.7 -40067.4 -45516.9 4529.49 -45212.9
3.3 -9364.61 -45040.1 -41651.8 236.974 -51665.7
3.4 -6495.61 -47889.7 -33888.3 -6086.06 -60040.9
3.5 -3015.07 -38085.8 -28954.3 -4571.66 -53339.6
3.6 225.953 -28486.8 -24102.1 -3065.43 -46713.5
3.7 3059.77 -19292.1 -19410.1 -1354.63 -39990.9
3.8 4107.99 -9366.84 -15021 1099.53 -32256.6
3.9 1139.05 4262.79 -11915.2 4887.54 -21715.8
4 -703.841 13818.3 -8883.56 8591.54 -12743.1
4.1 -1461.2 22429 -1508.42 6065.05 -4996.28
4.2 1982.76 27935.3 5527.47 13066.6 5669.28
4.3 8394.48 34360.3 6795.14 17549 12513.3
4.4 15346.6 44110.9 1220.15 22633.5 18812.7
4.5 22377.2 53887.5 -3678.38 25786.3 24268.3
4.6 29121.6 63263.1 -6406.93 25853.3 29162.6
4.7 36424.6 76391.8 -7073 15933.8 28147.6
4.8 42682 86734.7 -7808.24 7341.51 27177.9
4.9 37427 76296 -8989.41 4965.5 22944.4
5 32193.7 65909.9 -10038.2 2772.01 18792.7
5.1 26881.6 55382.9 -10886.1 914.53 14752.1
5.2 21423.7 44583 -11406.6 -320.241 10885.7
5.3 14678.6 32335.3 -11971.9 -156.004 6298.96
5.4 7256.64 19845.1 -11679.9 360.368 1234.43
5.5 -478.365 10424.4 -9309.15 -6758.05 -4751.92
5.6 -3017.62 -4806.77 -17230.7 -665.554 -16853.3
5.7 -7671.65 -13891.7 -24015.8 1429.52 -24453.3
5.8 -9057.44 -22329.4 -27385.6 -412.359 -30439.6
5.9 -9455.5 -29953.2 -29383.8 -3075.6 -36598.9
6 -9203.14 -37168.3 -29428.9 -6493.34 -42575.5
6.1 -7429.78 -42059.6 -29106 -10507.8 -49254.5
6.2 -4693.74 -45281.4 -26879.9 -15977.8 -56011.3
6.3 -939.536 -47417.2 -20223.1 -23057.2 -64053.3
6.4 3122.97 -48745.7 -14786.7 -28426.5 -72368.4
6.5 6299.9 -39387.6 -11663.6 -25676.3 -65431.4
6.6 9161.73 -30340.8 -8705.27 -22853.3 -58508
6.7 11523.6 -21658.8 -5936.47 -19896.2 -51643.7
6.8 13646.3 -13417.8 -3434.95 -16687.3 -44735.4
6.9 11500.7 -2098.96 -2950.87 -11332.5 -35761.9
7 8326.27 8575.83 -4282.76 -5034.89 -26825.5
7.1 5705.31 14888.1 -4848.37 1023.75 -18113.3
7.2 2474.73 19172.2 -5701.71 6630.41 -9477.2
7.3 -1465.57 21520.8 -1025.34 9728.21 -3308.55
7.4 1128.84 25599.1 3611.87 12866.8 5675.16
7.5 8800.77 35794.9 712.947 15069.4 10401.9
7.6 15754.5 47321.1 -3235.97 15603.3 14052.1
7.7 22131.1 57435.8 -3561.52 13934.6 17023.7
7.8 28485.5 67645.6 -4022.19 11546.6 19820.8
7.9 34700.7 77782.5 -4985.07 8667.01 22543.2
8 40496.4 87824.1 -6679.39 4436.68 25208.1
8.1 45687.1 96135.4 -6832.92 -1908.21 25556.3
8.2 50405.6 101577 -7060.03 -6741.38 25728.4
8.3 45341.7 91582 -9006.25 -8564.7 22537.6
8.4 40289.2 81656.9 -10827.4 -10123.4 19415.6
8.5 35151.2 71605.2 -12480.1 -11247.2 16409.6
8.6 29730 61545.5 -13813.3 -11811.9 13581.6
8.7 23827.7 51011.7 -14926.3 -11360.6 10890.5
8.8 16661 39033.2 -16084.2 -9000.34 8035.36
8.9 9467.38 27221.7 -16665.7 -5964.48 4600.63
9 2839.07 15824.6 -16456.5 -2185.47 328.55
9.1 -2206.36 4167.34 -15028 911.731 -5397.77
9.2 -4777.97 -7715.72 -16415.6 1005.06 -15631.7
9.3 -8336.5 -15179.5 -20511.6 -339.127 -22424.2
9.4 -8907.9 -22189.2 -22618.8 -3026.06 -29104.7
9.5 -8413.77 -28629.7 -23293.1 -6557.23 -35769
9.6 -6953.54 -33624.9 -22828.5 -10879.2 -43103.8
9.7 -4771.05 -37826.3 -21061.7 -16015 -50142.6
9.8 -1939.15 -41135.1 -18512.1 -21390.3 -57379.7
9.9 1317.59 -43722.5 -15442.7 -27020.2 -64496.7
10 4749.33 -45928.8 -11373 -33386.6 -70879.6
10.1 8399.26 -47947.3 -4991.66 -39896 -77859.9
10.2 11384.4 -38816.8 -2204.21 -37125.5 -70971.8
10.3 14071.6 -30054.8 393.912 -34234 -64107.5
10.4 16351.1 -21658.3 2794.99 -31184.4 -57289.1
10.5 18090.1 -13680.2 4692.5 -27496 -50954.1
10.6 17588.6 -4076.17 4849.39 -22067.5 -43087.4
10.7 13884.3 7310.91 2511.49 -15380.1 -34058.1
10.8 11020.2 14407 401.952 -8685.04 -25372.8
10.9 7920.53 18729 -1596.84 -1933.93 -16981.1
11 4327.18 21820.8 -4013.89 5024.22 -9248.8
11.1 1527.91 24655 -687.158 10571 -4043.6
11.2 541.601 25539.8 881.069 12576 5444.77
11.3 8251.77 36504.7 -3122.19 14422.5 9419.69
11.4 14738 46514.7 -3884.08 13338 11871.5
11.5 20846.7 55696.3 -3223.25 11091.5 14052.5
11.6 26889.7 64894.9 -2883.06 8334.2 16133.6
11.7 32690.3 74145.9 -2946.42 5014.78 18257.8
11.8 38278.9 83229.5 -3476.77 1164.87 20472.7
11.9 43587.2 92104.6 -4613.13 -3128.43 22695.1
12 48504.9 100745 -6313.4 -7925.96 24882.6
12.1 53364.1 104344 -5593.28 -12441.5 25431.4
12.2 48366.7 94671.7 -7839.43 -14256.2 22471.7
12.3 43108.3 85349.7 -9829.3 -15937.1 19632.2
12.4 37782.2 75945.9 -11668.8 -17130.5 16895.5
12.5 32348.1 66380.1 -13278 -17635.8 14322.4
12.6 26581.5 56325.7 -14743.5 -17059.5 11879.1
12.7 20005 45287.6 -16075.3 -14977.4 9461.57
12.8 13086.6 33870.7 -17003.2 -11549.8 7014.23
12.9 6445.05 22866.3 -17515 -7487.59 3996.27
13 592.09 11899.5 -17306.7 -2893.81 668.247
13.1 -3723.61 1091.85 -15491.7 2786.98 -5766.51
13.2 -5845.95 -8913.12 -15815.2 1507.71 -14806.5
13.3 -8638.69 -15315.6 -20292.2 -562.746 -22064.7
13.4 -8963.54 -21791.5 -21910.1 -3521.51 -28851.7
13.5 -8146.21 -27593.4 -22114.3 -7312.23 -35860.6
13.6 -6550.85 -32374.5 -21097.7 -11969.6 -43091.9
13.7 -4226.12 -36308.8 -19075.3 -17086.2 -50424.5
13.8 -1359.38 -39552.6 -16240.1 -22568.3 -57717
13.9 1827.92 -42364.3 -12530.8 -28648 -64609.4
14 5220.05 -44766.7 -8193.68 -35184.8 -71124
14.1 8830.82 -46713.9 -3497.53 -41877.4 -77602.8
14.2 12528.6 -48753.9 3152.2 -47592.3 -85341.9
14.3 16019.5 -50818.3 9746.94 -52327.4 -93314.7
14.4 18923 -41899.1 12138.1 -49701.9 -86258.8
14.5 21594.5 -33244.2 14251.8 -46713.4 -79617.9
14.6 23946.2 -24972.1 15987.7 -43171.8 -73347.6
14.7 25603.8 -17234.6 17225.7 -39283.8 -67007.9
14.8 26657.8 -10120.3 17325.8 -34456.4 -60054.7
14.9 24868.5 -900.956 14735.5 -28125.2 -51172.1
15 21119.4 8576.97 11059.2 -21326 -42410.6
15.1 17616 14908.2 7225.03 -14402.2 -33713.6
15.2 14113.4 18170.3 4007.43 -6794.22 -25566.1
15.3 10392.1 20718.8 720.651 212.293 -17510.8
15.4 6300.7 22625.1 -2499.76 6488.84 -9494.71
15.5 1429.53 23044.8 -1600.81 11317.9 -2540.21
15.6 93.5037 25196.3 20.8964 13529.1 5596.08
15.7 7712.86 35835.3 -3818.52 14837 8838.84
15.8 14058.2 44963.7 -3651.71 13263.5 11047.4
15.9 20036.8 53476.4 -2505.36 10788 12934.2
16 25929.6 61978.6 -1610.02 7893.3 14720.9
16.1 31606.9 70498.3 -1020.34 4458.59 16531.9
16.2 37058.3 78938.2 -839.34 546.602 18401.9
16.3 42288.8 87220.6 -1170.49 -3794.42 20302.7
16.4 47265.1 95354.2 -2005.08 -8507.21 22232.8
16.5 51867.5 103371 -3262.23 -13635.8 24197.6
16.6 56194 106148 -2176 -18517 25238.5
16.7 59907.5 108318 -859.446 -23311.9 25899.6
16.8 54870.7 99553.3 -3306.86 -25267.9 23208.3
16.9 49832.9 90877.3 -5629.4 -26892.4 20613.5
17 44726.5 82176.5 -7826.13 -28015.6 18124.6
17.1 39533.3 73406.9 -9825.29 -28466.9 15787.2
17.2 34180.9 64439.7 -11561.5 -28111.3 13636.2
17.3 28321.8 54847.1 -13299.7 -26417.2 11606.9
17.4 22112.3 44934.5 -14791.1 -23503.6 9563.26
17.5 15755.4 34893.2 -15832.9 -19608.2 7523.34
17.6 9754.02 25159.1 -16582.6 -14987.4 5332.85
17.7 4048.28 15812.4 -17252.2 -9676.32 2659.42
17.8 -1092.94 6340.54 -17237.2 -3894.85 -5.81698
17.9 -5458.52 -2476.35 -15811.6 2706.93 -5403.99
18 -7479.12 -9577.14 -15974.9 1891.21 -14155.6
18.1 -9421.43 -15157 -19804.9 -287.376 -22111.4
18.2 -9426.92 -20831.2 -20770.7 -3324.02 -29440.4
18.3 -8209.79 -26047.4 -20171.9 -7224.44 -36946.6
18.4 -6385.08 -30500.1 -18494.3 -11864.2 -44427.3
18.5 -3986.9 -34244.5 -15989.1 -16848.3 -52016.2
18.6 -1206.24 -37495.2 -12722 -22182.7 -59484.8
18.7 1851.56 -40474.2 -8229.2 -28479.9 -66330.5
18.8 5115.85 -43042 -3421.87 -34907.2 -73090.7
18.9 8567.85 -45215.8 1587.54 -41446.7 -79754.1
19 12245.1 -47058.9 6735.17 -48073.4 -86356
19.1 15963.7 -48711.5 11932.1 -54709 -92803.3
19.2 19495 -50735.9 18489.6 -59566.2 -100415
19.3 22806.9 -53459.1 24930.5 -59489.7 -111152
19.4 26141.7 -56128.8 30020 -55327.5 -123742
19.5 29095.1 -47312.3 32043.6 -53001.7 -117011
19.6 31761.7 -38861.4 33816.4 -50547.9 -110288
19.7 33980.5 -30844.8 35208 -47807.8 -103462
19.8 35689.4 -23415.5 35682.5 -44602.8 -96486.4
19.9 37070.4 -16660.1 35045.2 -40832.7 -89340.2
20 37423.4 -10360.3 33622.1 -36188.1 -81417.4
20.1 36337.5 -4106.65 31030 -30942.5 -72883.1
20.2 33364 3441.17 26264.3 -25249.3 -63701.2
20.3 29719.7 9891.82 20842.1 -19296 -54532.8
20.4 25731.8 14488.5 15538.1 -13263.9 -45349.1
20.5 21833.4 16918.4 11217.1 -7315.55 -36135.9
20.6 17531.2 18445.1 6933.48 -1043.03 -27332.4
20.7 13266.8 19943.4 2886.79 4749.13 -18609.4
20.8 8672.49 21032.9 -1112.7 10064.3 -9674.26
20.9 3463.33 21440.6 -2527.38 14469.8 -1719.37
21 -350.35 22689.8 1098.09 15392.5 5020.84
21.1 7305.58 32963.3 -3738.45 16355.8 7904.94
21.2 13526.5 41181 -3238.22 14252 9903.35
21.3 19326.4 48674.8 -1739.07 11408.3 11589.1
21.4 25031 56090.8 -447.31 8220.53 13225.1
21.5 30507.4 63593.4 577.897 4535.31 14899.3
21.6 35810.1 71002 1282.99 495.365 16598
21.7 40926.3 78316.1 1628.12 -3903.3 18325.7
21.8 45883.3 85511.5 1594.83 -8660.23 20090.8
21.9 50680.6 92612.6 1229.57 -13717.6 21884.3
22 55192.7 99793.6 626.533 -19061.9 23640.4
22.1 59046.9 107516 20.5065 -24917.3 25103.5
22.2 63068.3 111151 1363.44 -30682.9 25260.7
22.3 66690.6 114164 2917.88 -36225.3 24874.7
22.4 70064.7 117185 4472.01 -41891 24286.5
22.5 65396.1 108992 1745.77 -43775.2 21784.9
22.6 60691.5 100891 -827.814 -45341.3 19370.8
22.7 55912 92809.6 -3184.07 -46463.1 17080
22.8 51050.4 84762.8 -5339.18 -46955.8 14927.3
22.9 46051.9 76670.6 -7355.92 -46623.8 12909.3
23 40667.9 68217.3 -9330.48 -45134 11020.6
23.1 35164.5 59769.5 -10939.3 -42847.2 9271.49
23.2 29774.8 51445.7 -12196.5 -39902 7563.98
23.3 24216.6 43027.6 -13348.3 -35904.2 5794
23.4 18690 34655 -14376.3 -31024.2 3961.65
23.5 13454.1 26529.8 -15239.3 -25623.3 2074.51
23.6 8541.4 18718.1 -15998.4 -19827.2 -23.2881
23.7 3253.83 11612.9 -16427.3 -13539.3 -2292.61
23.8 -2198.52 4764.43 -16266.4 -7115.6 -4626.65
23.9 -6067.61 -3017.73 -15234.9 -621.048 -7974.04
24 -9184.47 -7571.77 -16505 1478.76 -15674.6
24.1 -10263.5 -12076.6 -19175.9 372.579 -25302.1
24.2 -9386.45 -17241.2 -19262.8 -1670.45 -33993.7
24.3 -8033.67 -22210.3 -17944.3 -4616.73 -42230.1
24.4 -6187.22 -26586 -15779.1 -8029.46 -50430.9
24.5 -3870.76 -30338.3 -12915 -11753.5 -58701.8
24.6 -1262.32 -33738.6 -9182.98 -16039.6 -66675.8
24.7 1537.16 -36921 -4574.32 -20992.9 -74237.6
24.8 4577 -39690 411.506 -26168 -81716.4
24.9 7817.1 -42129.9 5655.13 -31518.3 -89115
25 11207.1 -44303.7 11062.7 -36991.1 -96443.9
25.1 14718.3 -46285.5 16569.1 -42546 -103696
25.2 18322.3 -48133.5 22143.3 -48172.5 -110852
25.3 22034.3 -49793.9 27731.6 -53720.8 -118082
25.4 26036.5 -51186.7 33360.6 -59057.2 -125658
25.5 28137.1 -53617.3 38002.9 -57719.7 -135021
25.6 31995.8 -56309.2 43450.8 -53858.3 -147258
25.7 34885.3 -47666.6 45434.7 -51999.6 -140218
25.8 37470.1 -39377.3 47149.6 -50033 -133180
25.9 39915 -31616 47722.4 -47584.7 -125972
26 41883.8 -24414.9 47643.9 -44842.8 -118624
26.1 43222.2 -17660.7 47020.8 -41830.3 -111316
26.2 43777.3 -11209.5 45749.5 -38330 -103716
26.3 43086.4 -5585.11 43576.1 -34108.4 -95088.7
26.4 42058.4 -722.081 40405.5 -29682 -86458.5
26.5 40511.9 3472.8 36386.4 -24947.1 -78076.3
26.6 38248.8 7272.73 31804.2 -20115.4 -69538.5
26.7 34404.5 11763.5 26017.4 -14921.9 -60372.9
26.8 29833.5 15960.1 19924.4 -9609.9 -50986.2
26.9 25463.1 18980.6 14208.6 -4465.95 -41548.4
27 21470.8 20724.8 9489.92 409.441 -32453.9
27.1 17111.1 21871.6 4876.7 5407.87 -23418.4
27.2 12670.7 22876.1 257.418 10164.9 -14414
27.3 7764.13 23477.1 -2678.02 13177.2 -5492.69
27.4 2558.32 23855.5 931.615 14443.1 107.547
27.5 9455.92 33049.9 -3431.19 14984.2 2938.14
27.6 15496.7 40160.5 -2649.26 12754.5 4841.31
27.7 21044.2 46712.4 -961.102 9732.04 6453.57
27.8 26479.5 53189.4 528.527 6370.09 8038.55
27.9 31783 59585.6 1780 2694.05 9623.58
28 36942.2 65898.6 2752.54 -1330.7 11218.9
28.1 41959 72130.2 3451.53 -5643.01 12832.5
28.2 46818.6 78294.8 3878.37 -10235.6 14463.2
28.3 51519.3 84408.5 4051.38 -15077.1 16107.9
28.4 56061 90495.9 3996.06 -20111.1 17754.8
28.5 60224.2 96720.6 3880.37 -25443.4 19403.2
28.6 64041.8 103076 3747.86 -30994.5 20998.2
28.7 67764.4 109528 3496.24 -36768.9 22401.2
28.8 71453.2 116347 3272.35 -42930.2 23172.7
28.9 74215.1 119417 4666.13 -48192.3 23139.9
