0.1 -0.0212498
0.2 -0.0425442
0.3 -0.0638833
0.4 -0.0852675
0.5 -0.106697
0.6 -0.128172
0.7 -0.149693
0.8 -0.171261
0.9 -0.192875
1 -0.214535
12777.5 -0.214703
25535.8 -0.21489
38274.6 -0.215097
50993.7 -0.215323
63691.6 -0.215567
76367.7 -0.215828
89027.2 -0.216112
101666 -0.216414
114285 -0.216735
125318 -0.215958
134827 -0.214058
143602 -0.211573
150678 -0.207458
157176 -0.202751
163005 -0.197337
168546 -0.19158
173768 -0.185437
177884 -0.177759
181774 -0.169762
185607 -0.161697
188924 -0.152781
192142 -0.14372
195311 -0.134587
198399 -0.125317
201282 -0.115642
204032 -0.105712
206781 -0.0957924
209042 -0.0847594
211092 -0.0732475
213115 -0.0616856
215104 -0.0500542
216989 -0.0381626
218852 -0.0262232
220712 -0.0142821
222447 -0.00198539
223996 0.0108496
225543 0.0236808
227088 0.0365083
228633 0.049332
230177 0.0621518
231719 0.0749679
233261 0.0877802
234768 0.100708
236225 0.113798
237681 0.12689
239015 0.140435
240291 0.154194
241566 0.167952
242839 0.181708
244112 0.195459
245372 0.209272
246642 0.223017
247912 0.236758
249180 0.250497
250447 0.264232
251712 0.277965
252975 0.291695
254235 0.305422
255491 0.319147
256724 0.332963
257854 0.347277
258789 0.362723
259770 0.378169
260718 0.393678
261605 0.409347
262402 0.425164
263000 0.441386
263636 0.457507
264319 0.473517
264825 0.489875
265092 0.506705
265038 0.524157
264678 0.542134
264538 0.559697
264987 0.576191
265331 0.59281
265603 0.609546
265805 0.626423
265931 0.643451
265990 0.660614
266001 0.677874
265978 0.695191
266063 0.712283
266469 0.728671
266863 0.745078
267245 0.761513
267609 0.777982
267952 0.794493
268271 0.811053
268567 0.827661
268840 0.844313
269096 0.861002
269337 0.877718
269569 0.894453
269793 0.9112
270012 0.927955
270227 0.944716
270439 0.961479
270649 0.978245
270857 0.995013
271062 1.01178
271265 1.02856
271563 1.04509
271943 1.06143
272320 1.07776
272693 1.09411
273062 1.11046
273425 1.12683
273781 1.1432
274131 1.15959
274473 1.17599
274808 1.19241
275135 1.20885
275456 1.22529
275770 1.24175
276073 1.25835
276362 1.27512
276655 1.29184
276948 1.30854
277239 1.32524
277528 1.34194
277815 1.35864
278100 1.37534
278385 1.39204
278668 1.40874
278950 1.42544
279230 1.44215
279505 1.45894
279779 1.47573
280053 1.49251
280325 1.5093
280596 1.52609
280866 1.54292
281136 1.5597
281405 1.57648
281673 1.59326
281940 1.61004
282205 1.62682
282469 1.64361
282729 1.66042
282984 1.67727
283225 1.69421
283295 1.71232
283465 1.72972
283625 1.74718
283778 1.76469
283894 1.78244
